
{
	"Billboarding" : 0,
	"Blending" : 2,
	"Brightness" : 1.0,
	"Color" : [ 0.2745098173618317, 0.5568627715110779, 0.8627451062202454, 1.0 ],
	"Duration" : 5.0,
	"Height" : 1.0,
	"Looping" : true,
	"Name" : "twinkle03-blue01",
	"Position" : [ 0.0, 0.0, 0.0 ],
	"Rotation" : [ 0.0, 0.0, 0.0 ],
	"RotationAngle" : 0.0,
	"Scale" : 1.0,
	"TexCoord" : [ 0.0, 0.0, 1.0, 1.0 ],
	"Texture" : "Data\\Effect\\Spark04.OZJ",
	"Type" : 1,
	"Width" : 1.0
}
